{
    "B_FISHEYE_C": {
        "RT_body_from_sensor": [
            [
                -0.003335866721442319,
                0.4890141516052213,
                -0.8722694718508983,
                -1.0397
            ],
            [
                0.9999903226760349,
                0.0041331559311201475,
                -0.0015071749505126148,
                0.0532
            ],
            [
                0.002868195861370006,
                -0.8722660583513925,
                -0.4890232069141772,
                0.8546
            ],
            [
                0.0,
                0.0,
                0.0,
                1.0
            ]
        ],
        "RT_sensor_from_body": [
            [
                -0.0033358667214423102,
                0.999990322676032,
                0.002868195861370003,
                -0.05911894597977528
            ],
            [
                0.48901415160522055,
                0.004133155931120141,
                -0.8722660583513927,
                1.2536467029955125
            ],
            [
                -0.8722694718508955,
                -0.0015071749505126092,
                -0.48902320691417644,
                -0.48889915554715374
            ],
            [
                0.0,
                0.0,
                0.0,
                1.0
            ]
        ],
        "custom_vars": {
            "csi_group_isp_settings_path": "/opt/nvidia/nvmedia/nit/IMX390_RGGB.nito",
            "csi_group_type": "IMX390_RGGB_CPHY_x4",
            "csi_link_id": 7,
            "misalign_ref_angle_error": 0.9,
            "obstruction_mask_file": "obstruction_masks/B_FISHEYE_C_mask.png"
        },
        "device_id": "TE06543",
        "distortion_coeffs": [
            -0.001148,
            -0.062885,
            -0.00039,
            -0.000618,
            0.0
        ],
        "extrinsic_error": -1.0,
        "focal_length_px": [
            564.7199,
            492.5039
        ],
        "image_resolution_px": [
            1280,
            704
        ],
        "label": "B_FISHEYE_C",
        "model": "mei",
        "pos_meter": [
            -1.0397,
            0.0532,
            0.8546
        ],
        "principal_point_px": [
            638.6381,
            347.2534
        ],
        "reprojection_error": 0.4094,
        "sensor_type": "camera",
        "uri": "basler:TE06543",
        "xi": 0.9807,
        "yaw_pitch_roll_deg": [
            179.901,
            -29.2764,
            0.1884
        ]
    },
    "B_LRR_C": {
        "RT_body_from_sensor": [
            [
                -0.9994258600450023,
                -0.0070055618429727354,
                -0.03314924398192361,
                -1.1255
            ],
            [
                0.00697742211234317,
                -0.9999751923667499,
                0.0009644852249321083,
                0.0059
            ],
            [
                -0.03315517838852626,
                0.0007326352074615366,
                0.9994499474169168,
                0.5375
            ],
            [
                0.0,
                0.0,
                0.0,
                1.0
            ]
        ],
        "RT_sensor_from_body": [
            [
                -0.9994258600450009,
                0.0069774221123431596,
                -0.03315517838852623,
                -1.1070740638872785
            ],
            [
                -0.007005561842972725,
                -0.9999751923667485,
                0.0007326352074615362,
                -0.002378697643312561
            ],
            [
                -0.03314924398192358,
                0.0009644852249321074,
                0.9994499474169167,
                -0.5745195113010748
            ],
            [
                0.0,
                0.0,
                0.0,
                1.0
            ]
        ],
        "custom_vars": {
            "device_port": 55555,
            "field_of_view_deg": [
                120,
                0
            ],
            "host_ip": "192.168.3.20",
            "host_port": 55555,
            "product_name": "Smartmicro radar",
            "serial_number": "31ac7",
            "tcp_socket": false
        },
        "device_id": "31ac7",
        "extrinsic_error": -1.0,
        "label": "B_LRR_C",
        "pos_meter": [
            -1.1255,
            0.0059,
            0.5375
        ],
        "sensor_type": "radar",
        "uri": "192.168.3.10",
        "yaw_pitch_roll_deg": [
            180.4,
            -1.9,
            -0.042
        ]
    },
    "B_MIDRANGECAM_C": {
        "RT_body_from_sensor": [
            [
                -0.007983318547724097,
                0.0619612835482865,
                -0.9980466251463478,
                -0.143
            ],
            [
                0.9999628269889891,
                -0.0027566680013831075,
                -0.00816978712815383,
                -0.021
            ],
            [
                -0.0032574936922060193,
                -0.9980747467612728,
                -0.06193697290202555,
                1.273
            ],
            [
                0.0,
                0.0,
                0.0,
                1.0
            ]
        ],
        "RT_sensor_from_body": [
            [
                -0.007983318547724097,
                0.9999628269889891,
                -0.0032574936922060193,
                0.024004394284622487
            ],
            [
                0.06196128354828652,
                -0.0027566680013831084,
                -0.9980747467612731,
                1.2793517261464766
            ],
            [
                -0.9980466251463478,
                -0.008169787128153833,
                -0.06193697290202555,
                -0.06404646642134042
            ],
            [
                0.0,
                0.0,
                0.0,
                1.0
            ]
        ],
        "custom_vars": {
            "csi_group_isp_settings_path": "/opt/nvidia/nvmedia/nit/IMX490_RGGB.nito",
            "csi_group_type": "IMX490_RGGB_CPHY_x4",
            "csi_link_id": 2,
            "misalign_ref_angle_error": 0.9,
            "obstruction_mask_file": "obstruction_masks/B_MIDRANGECAM_C_mask.png"
        },
        "device_id": "TE04912",
        "distortion_coeffs": [
            -0.582,
            0.066,
            0.0,
            0.0,
            0.0
        ],
        "extrinsic_error": -1.0,
        "focal_length_px": [
            2354.9839,
            2045.481
        ],
        "image_resolution_px": [
            1920,
            1080
        ],
        "label": "B_MIDRANGECAM_C",
        "model": "mei",
        "pos_meter": [
            -0.143,
            -0.021,
            1.273
        ],
        "principal_point_px": [
            954.72,
            553.576
        ],
        "reprojection_error": 0.506,
        "sensor_type": "camera",
        "uri": "basler:TE05252",
        "xi": 1.393,
        "yaw_pitch_roll_deg": [
            -180.469,
            -3.551,
            -0.187
        ]
    },
    "B_SRR_L": {
        "RT_body_from_sensor": [
            [
                -0.560519935620237,
                -0.8275121587862129,
                0.032264978432767086,
                -0.9113
            ],
            [
                0.8267961110345856,
                -0.5614042697459394,
                -0.03512031732649648,
                0.8226
            ],
            [
                0.04717618626352202,
                0.006990920684016503,
                0.9988621198531954,
                0.5252
            ],
            [
                0.0,
                0.0,
                0.0,
                1.0
            ]
        ],
        "RT_sensor_from_body": [
            [
                -0.560519935620237,
                0.8267961110345855,
                0.04717618626352201,
                -1.2157012312933737
            ],
            [
                -0.8275121587862129,
                -0.5614042697459393,
                0.006990920684016502,
                -0.29597230955211157
            ],
            [
                0.03226497843276707,
                -0.035120317326496474,
                0.9988621198531953,
                -0.4663093374683415
            ],
            [
                0.0,
                0.0,
                0.0,
                1.0
            ]
        ],
        "custom_vars": {
            "device_port": 49153,
            "field_of_view_deg": [
                120,
                0
            ],
            "host_ip": "10.42.0.28",
            "host_port": 59474,
            "product_name": "ContinentalRadarSRR520",
            "serial_number": "SRR520_4",
            "tcp_socket": false
        },
        "device_id": "SRR520_4",
        "extrinsic_error": -1.0,
        "label": "B_SRR_L",
        "pos_meter": [
            -0.9113,
            0.8226,
            0.5252
        ],
        "sensor_type": "radar",
        "uri": "10.42.0.146",
        "yaw_pitch_roll_deg": [
            -124.135,
            2.704,
            -0.401
        ]
    },
    "B_SRR_R": {
        "RT_body_from_sensor": [
            [
                -0.6050998019804965,
                0.7927293143952492,
                0.07371881538386287,
                -0.9158
            ],
            [
                -0.7931290108664668,
                -0.6082725237284121,
                0.030836812400864038,
                -0.8115
            ],
            [
                0.06928637503248312,
                -0.03980918205017829,
                0.9968022006693975,
                0.5175
            ],
            [
                0.0,
                0.0,
                0.0,
                1.0
            ]
        ],
        "RT_sensor_from_body": [
            [
                -0.6050998019804975,
                -0.7931290108664686,
                0.06928637503248317,
                -1.2336302900511888
            ],
            [
                0.7927293143952509,
                -0.6082725237284136,
                -0.03980918205017837,
                0.2529696048285304
            ],
            [
                0.07371881538386292,
                0.03083681240086411,
                0.9968022006693975,
                -0.42330937445457034
            ],
            [
                0.0,
                0.0,
                0.0,
                1.0
            ]
        ],
        "custom_vars": {
            "device_port": 49153,
            "field_of_view_deg": [
                120,
                0
            ],
            "host_ip": "10.42.0.28",
            "host_port": 59473,
            "product_name": "ContinentalRadarSRR520",
            "serial_number": "SRR520_3",
            "tcp_socket": false
        },
        "device_id": "SRR520_3",
        "extrinsic_error": -1.0,
        "label": "B_SRR_R",
        "pos_meter": [
            -0.9158,
            -0.8115,
            0.5175
        ],
        "sensor_type": "radar",
        "uri": "10.42.0.146",
        "yaw_pitch_roll_deg": [
            127.341,
            3.973,
            2.287
        ]
    },
    "CoreAdasHMI": {
        "device_id": "HmiServer",
        "ip_address": "10.42.0.28",
        "label": "CoreAdasHMI",
        "model": "hmi_device",
        "port_number": 2005,
        "sensor_type": "hmi"
    },
    "DebugHMI": {
        "device_id": "HmiClient",
        "ip_address": "10.42.0.29",
        "label": "DebugHMI",
        "model": "hmi_device",
        "port_number": 2006,
        "sensor_type": "hmi"
    },
    "F_CTCAM_L": {
        "RT_body_from_sensor": [
            [
                0.7079217650086791,
                -0.0063709432500923075,
                0.7062621225218728,
                1.6989
            ],
            [
                -0.7062316901414252,
                0.006557898410462078,
                0.7079504176200648,
                0.6
            ],
            [
                -0.009141907185192345,
                -0.9999582016517201,
                0.00014311699817412798,
                1.3636
            ],
            [
                0.0,
                0.0,
                0.0,
                1.0
            ]
        ],
        "RT_sensor_from_body": [
            [
                0.7079217650086788,
                -0.7062316901414252,
                -0.009141907185192345,
                -0.7664833678506616
            ],
            [
                -0.0063709432500923075,
                0.006557898410462079,
                -0.9999582016517202,
                1.37043186021359
            ],
            [
                0.7062621225218727,
                0.7079504176200647,
                0.0001431169981741301,
                -1.6248341248631584
            ],
            [
                0.0,
                0.0,
                0.0,
                1.0
            ]
        ],
        "custom_vars": {
            "csi_group_isp_settings_path": "/opt/nvidia/nvmedia/nit/IMX490_RGGB.nito",
            "csi_group_type": "IMX490_RGGB_CPHY_x4",
            "csi_link_id": 12,
            "misalign_ref_angle_error": 0.9,
            "obstruction_mask_file": "obstruction_masks/F_CTCAM_L_mask.png"
        },
        "device_id": "TE06560",
        "distortion_coeffs": [
            -0.565946,
            0.060153,
            0.000349,
            -0.00076,
            0.0
        ],
        "extrinsic_error": 0.0,
        "focal_length_px": [
            3514.8586,
            3527.2551
        ],
        "image_resolution_px": [
            2896,
            1876
        ],
        "label": "F_CTCAM_L",
        "model": "mei",
        "pos_meter": [
            1.6989,
            0.6,
            1.3636
        ],
        "principal_point_px": [
            1441.1288,
            945.3246
        ],
        "reprojection_error": 0.9404,
        "sensor_type": "camera",
        "uri": "basler:TE06560",
        "xi": 1.3687,
        "yaw_pitch_roll_deg": [
            -45.0684,
            0.0082,
            -0.5238
        ]
    },
    "F_CTCAM_R": {
        "RT_body_from_sensor": [
            [
                -0.7015973508167986,
                -0.013612688349497089,
                0.7124435781468943,
                1.6942
            ],
            [
                -0.7125403550623854,
                0.0037423364104667944,
                -0.7016211494287788,
                -0.6036
            ],
            [
                0.006884746503687521,
                -0.9999003398509725,
                -0.012325203101353006,
                1.3611
            ],
            [
                0.0,
                0.0,
                0.0,
                1.0
            ]
        ],
        "RT_sensor_from_body": [
            [
                -0.7015973508167982,
                -0.7125403550623853,
                0.006884746503687523,
                0.7491860449719945
            ],
            [
                -0.013612688349497084,
                0.003742336410466798,
                -0.9999003398509726,
                1.3862858434302345
            ],
            [
                0.712443578146894,
                -0.7016211494287786,
                -0.012325203101352999,
                -1.613744601950427
            ],
            [
                0.0,
                0.0,
                0.0,
                1.0
            ]
        ],
        "custom_vars": {
            "csi_group_isp_settings_path": "/opt/nvidia/nvmedia/nit/IMX490_RGGB.nito",
            "csi_group_type": "IMX490_RGGB_CPHY_x4",
            "csi_link_id": 13,
            "misalign_ref_angle_error": 0.9,
            "obstruction_mask_file": "obstruction_masks/F_CTCAM_R_mask.png"
        },
        "device_id": "TE06559",
        "distortion_coeffs": [
            -0.573998,
            0.081706,
            -0.000139,
            -0.00036,
            0.0
        ],
        "extrinsic_error": 0.0,
        "focal_length_px": [
            3590.1792,
            3593.0249
        ],
        "image_resolution_px": [
            2896,
            1876
        ],
        "label": "F_CTCAM_R",
        "model": "mei",
        "pos_meter": [
            1.6942,
            -0.6036,
            1.3611
        ],
        "principal_point_px": [
            1443.7524,
            950.4517
        ],
        "reprojection_error": 1.0548,
        "sensor_type": "camera",
        "uri": "basler:TE06559",
        "xi": 1.4262,
        "yaw_pitch_roll_deg": [
            44.5615,
            -0.7062,
            0.3945
        ]
    },
    "F_FISHEYE_C": {
        "RT_body_from_sensor": [
            [
                0.01911516773101913,
                -0.4357181539369557,
                0.8998801590725214,
                3.8791
            ],
            [
                -0.9994960519951186,
                0.014486057048957085,
                0.02824528628542273,
                -0.002
            ],
            [
                -0.02534269931925432,
                -0.899966579646681,
                -0.43522167123233657,
                0.395
            ],
            [
                0.0,
                0.0,
                0.0,
                1.0
            ]
        ],
        "RT_sensor_from_body": [
            [
                0.019115167731019126,
                -0.9994960519951187,
                -0.025342699319254324,
                -0.06613827301828108
            ],
            [
                -0.4357181539369556,
                0.014486057048957083,
                -0.8999665796466809,
                2.0457100620113815
            ],
            [
                0.8998801590725214,
                0.02824528628542273,
                -0.4352216712323366,
                -3.318756074348874
            ],
            [
                0.0,
                0.0,
                0.0,
                1.0
            ]
        ],
        "custom_vars": {
            "csi_group_isp_settings_path": "/opt/nvidia/nvmedia/nit/IMX390_RGGB.nito",
            "csi_group_type": "IMX390_RGGB_CPHY_x4",
            "csi_link_id": 6,
            "misalign_ref_angle_error": 0.9,
            "obstruction_mask_file": "obstruction_masks/F_FISHEYE_C_mask.png"
        },
        "device_id": "TE06544",
        "distortion_coeffs": [
            0.010092,
            -0.072664,
            9e-05,
            0.000105,
            0.0
        ],
        "extrinsic_error": -1.0,
        "focal_length_px": [
            566.0,
            498.8865
        ],
        "image_resolution_px": [
            1280,
            704
        ],
        "label": "F_FISHEYE_C",
        "model": "mei",
        "pos_meter": [
            3.8791,
            -0.002,
            0.395
        ],
        "principal_point_px": [
            639.1639,
            350.0
        ],
        "reprojection_error": 0.1885,
        "sensor_type": "camera",
        "uri": "basler:TE06544",
        "xi": 1.0009,
        "yaw_pitch_roll_deg": [
            -1.7978,
            -25.7994,
            -1.613
        ]
    },
    "F_LONGRANGECAM_C": {
        "RT_body_from_sensor": [
            [
                0.0063893864316762255,
                0.08369774875617433,
                0.9964707033295936,
                1.987
            ],
            [
                -0.9998766499337859,
                0.014832524092630308,
                0.005165379582473745,
                -0.045
            ],
            [
                -0.014347845072212305,
                -0.9963807922085762,
                0.08378219536150824,
                1.197
            ],
            [
                0.0,
                0.0,
                0.0,
                1.0
            ]
        ],
        "RT_sensor_from_body": [
            [
                0.006389386431676223,
                -0.9998766499337857,
                -0.014347845072212304,
                -0.04051578953532289
            ],
            [
                0.0836977487561743,
                0.014832524092630304,
                -0.9963807922085761,
                1.0270278450793155
            ],
            [
                0.9964707033295935,
                0.005165379582473745,
                0.08378219536150824,
                -2.0800421332824164
            ],
            [
                0.0,
                0.0,
                0.0,
                1.0
            ]
        ],
        "custom_vars": {
            "csi_group_isp_settings_path": "/opt/nvidia/nvmedia/nit/IMX490_RGGB.nito",
            "csi_group_type": "IMX490_RGGB_CPHY_x4",
            "csi_link_id": 0,
            "misalign_ref_angle_error": 0.5,
            "obstruction_mask_file": "obstruction_masks/F_LONGRANGECAM_C_mask.png"
        },
        "device_id": "TE06576",
        "distortion_coeffs": [
            -0.166452,
            -0.528158,
            -0.001762,
            0.00027,
            2.416761
        ],
        "extrinsic_error": 0.0,
        "focal_length_px": [
            5451.6372,
            5312.4878
        ],
        "image_resolution_px": [
            2896,
            1876
        ],
        "label": "F_LONGRANGECAM_C",
        "model": "opencv_pinhole",
        "pos_meter": [
            1.987,
            -0.045,
            1.197
        ],
        "principal_point_px": [
            1434.1283,
            597.6182
        ],
        "reprojection_error": 0.4806,
        "sensor_type": "camera",
        "uri": "basler:TE05576",
        "yaw_pitch_roll_deg": [
            -0.297,
            4.806,
            -0.825
        ]
    },
    "F_LRR_C": {
        "RT_body_from_sensor": [
            [
                0.9999628314019252,
                -0.0035953705130237733,
                -0.007836397483468587,
                3.8464
            ],
            [
                0.003595260115622262,
                0.9999935366345495,
                -2.8174934545295173e-05,
                0.0
            ],
            [
                0.007836448133296706,
                -1.6940658945086007e-21,
                0.9999692945689154,
                0.3181
            ],
            [
                0.0,
                0.0,
                0.0,
                1.0
            ]
        ],
        "RT_sensor_from_body": [
            [
                0.9999628314019254,
                0.003595260115622262,
                0.007836448133296708,
                -3.8487498088555676
            ],
            [
                -0.0035953705130237737,
                0.9999935366345495,
                0.0,
                0.013829233141294644
            ],
            [
                -0.007836397483468587,
                -2.8174934545295166e-05,
                0.9999692945689154,
                -0.2879483133219584
            ],
            [
                0.0,
                0.0,
                0.0,
                1.0
            ]
        ],
        "custom_vars": {
            "device_port": 55555,
            "field_of_view_deg": [
                120,
                0
            ],
            "host_ip": "192.168.2.20",
            "host_port": 55555,
            "product_name": "Smartmicro radar",
            "serial_number": "31ac5",
            "tcp_socket": false
        },
        "device_id": "31ac5",
        "extrinsic_error": -1.0,
        "label": "F_LRR_C",
        "pos_meter": [
            3.8464,
            0.0,
            0.3181
        ],
        "sensor_type": "radar",
        "uri": "192.168.2.10",
        "yaw_pitch_roll_deg": [
            -0.206,
            0.449,
            0.0
        ]
    },
    "F_LRR_C_ARS": {
        "RT_body_from_sensor": [
            [
                0.9997200115578608,
                -0.023642895261454324,
                0.0009549839823712072,
                3.8369
            ],
            [
                0.023650490129040014,
                0.9996803894632538,
                -0.008931586603367325,
                0.17
            ],
            [
                -0.0007435101928459953,
                0.008951671701596877,
                0.9999596565693738,
                0.3372
            ],
            [
                0.0,
                0.0,
                0.0,
                1.0
            ]
        ],
        "RT_sensor_from_body": [
            [
                0.9997200115578608,
                0.02365049012904001,
                -0.0007435101928459953,
                -3.839595584031265
            ],
            [
                -0.023642895261454328,
                0.9996803894632538,
                0.008951671701596877,
                -0.08224874507785751
            ],
            [
                0.0009549839823712075,
                -0.008931586603367325,
                0.9999596565693738,
                -0.33933220451458046
            ],
            [
                0.0,
                0.0,
                0.0,
                1.0
            ]
        ],
        "custom_vars": {
            "device_port": 42101,
            "field_of_view_deg": [
                120,
                0
            ],
            "host_ip": "10.13.1.166",
            "host_port": 42401,
            "product_name": "ContinentalRadarARS548",
            "serial_number": "ARS548_0",
            "tcp_socket": false
        },
        "device_id": "ARS548_0",
        "extrinsic_error": -1.0,
        "label": "F_LRR_C_ARS",
        "pos_meter": [
            3.8369,
            0.17,
            0.3372
        ],
        "sensor_type": "radar",
        "uri": "10.13.1.113",
        "yaw_pitch_roll_deg": [
            -1.3552,
            -0.0426,
            -0.5129
        ]
    },
    "F_MIDRANGECAM_C": {
        "RT_body_from_sensor": [
            [
                0.01660556488644033,
                0.01676351426372044,
                0.9997215811436363,
                1.988
            ],
            [
                -0.9998320971522164,
                0.008026455334323827,
                0.01647281150766385,
                -0.009
            ],
            [
                -0.00774807840713669,
                -0.9998272653835242,
                0.016893983446798932,
                1.197
            ],
            [
                0.0,
                0.0,
                0.0,
                1.0
            ]
        ],
        "RT_sensor_from_body": [
            [
                0.016605564886440338,
                -0.9998320971522163,
                -0.007748078407136688,
                -0.03273590201527071
            ],
            [
                0.016763514263720445,
                0.008026455334323826,
                -0.9998272653835242,
                1.1635396084058114
            ],
            [
                0.9997215811436365,
                0.016472811507663845,
                0.016893983446798932,
                -2.0075203461957987
            ],
            [
                0.0,
                0.0,
                0.0,
                1.0
            ]
        ],
        "custom_vars": {
            "csi_group_isp_settings_path": "/opt/nvidia/nvmedia/nit/IMX490_RGGB.nito",
            "csi_group_type": "IMX490_RGGB_CPHY_x4",
            "csi_link_id": 1,
            "misalign_ref_angle_error": 0.9,
            "obstruction_mask_file": "obstruction_masks/F_MIDRANGECAM_C_mask.png"
        },
        "device_id": "TE05099",
        "distortion_coeffs": [
            -0.631,
            0.089,
            0.0,
            0.0,
            0.0
        ],
        "extrinsic_error": -1.0,
        "focal_length_px": [
            3783.072,
            3731.2251
        ],
        "image_resolution_px": [
            2896,
            1876
        ],
        "label": "F_MIDRANGECAM_C",
        "model": "mei",
        "pos_meter": [
            1.988,
            -0.009,
            1.197
        ],
        "principal_point_px": [
            1426.088,
            955.021
        ],
        "reprojection_error": 0.266,
        "sensor_type": "camera",
        "uri": "basler:TE05217",
        "xi": 1.536,
        "yaw_pitch_roll_deg": [
            -0.944,
            0.968,
            -0.444
        ]
    },
    "F_SRR_L": {
        "RT_body_from_sensor": [
            [
                0.5164006766273346,
                -0.8563092661046925,
                -0.008048724251353698,
                3.471
            ],
            [
                0.8552707471080241,
                0.516199923214476,
                -0.04527238026271421,
                0.8878
            ],
            [
                0.04292190955810063,
                0.016494849396473867,
                0.9989422553998173,
                0.5308
            ],
            [
                0.0,
                0.0,
                0.0,
                1.0
            ]
        ],
        "RT_sensor_from_body": [
            [
                0.5164006766273345,
                0.8552707471080238,
                0.04292190955810062,
                -2.5745190674494207
            ],
            [
                -0.8563092661046923,
                0.5161999232144758,
                0.016494849396473856,
                2.5052117047599265
            ],
            [
                -0.008048724251353686,
                -0.045272380262714206,
                0.9989422553998174,
                -0.4621086080925368
            ],
            [
                0.0,
                0.0,
                0.0,
                1.0
            ]
        ],
        "custom_vars": {
            "device_port": 49153,
            "field_of_view_deg": [
                120,
                0
            ],
            "host_ip": "10.42.0.28",
            "host_port": 59472,
            "product_name": "ContinentalRadarSRR520",
            "serial_number": "SRR520_1",
            "tcp_socket": false
        },
        "device_id": "SRR520_1",
        "extrinsic_error": -1.0,
        "label": "F_SRR_L",
        "pos_meter": [
            3.471,
            0.8878,
            0.5308
        ],
        "sensor_type": "radar",
        "uri": "10.42.0.146",
        "yaw_pitch_roll_deg": [
            -58.877,
            2.46,
            -0.946
        ]
    },
    "F_SRR_R": {
        "RT_body_from_sensor": [
            [
                0.5713320487804847,
                0.8196332466652246,
                -0.04220226294071128,
                3.4771
            ],
            [
                -0.8206324366557142,
                0.5697691735843964,
                -0.04388043688774461,
                -0.8793
            ],
            [
                -0.01192031647227014,
                0.05970284577787893,
                0.9981450176508541,
                0.5214
            ],
            [
                0.0,
                0.0,
                0.0,
                1.0
            ]
        ],
        "RT_sensor_from_body": [
            [
                0.5713320487804847,
                -0.8206324366557142,
                -0.011920316472270136,
                -2.7019455153573517
            ],
            [
                0.8196332466652244,
                0.5697691735843963,
                0.059702845777878925,
                -2.3800777914354785
            ],
            [
                -0.04220226294071128,
                -0.043880436887744616,
                0.9981450176508541,
                -0.4122753918874019
            ],
            [
                0.0,
                0.0,
                0.0,
                1.0
            ]
        ],
        "custom_vars": {
            "device_port": 49153,
            "field_of_view_deg": [
                120,
                0
            ],
            "host_ip": "10.42.0.28",
            "host_port": 59470,
            "product_name": "ContinentalRadarSRR520",
            "serial_number": "SRR520_2",
            "tcp_socket": false
        },
        "device_id": "SRR520_2",
        "extrinsic_error": -1.0,
        "label": "F_SRR_R",
        "pos_meter": [
            3.4771,
            -0.8793,
            0.5214
        ],
        "sensor_type": "radar",
        "uri": "10.42.0.146",
        "yaw_pitch_roll_deg": [
            55.154,
            -0.683,
            -3.423
        ]
    },
    "Imu0": {
        "custom_vars": {
            "bias_acc": [
                -0.0,
                -0.0,
                -0.044801
            ],
            "bias_gyro": [
                0.001502,
                0.000163,
                -0.002057
            ],
            "pos_meter": [
                1.3759,
                -0.0066,
                0.487
            ],
            "product_name": "Continental SC23S",
            "yaw_pitch_roll_deg": [
                2.4768,
                0.8201,
                -1.3665
            ]
        },
        "device_id": "AL30G030D3",
        "extrinsic_error": -1.0,
        "label": "Imu0",
        "pos_meter": [
            1.3759,
            -0.0066,
            0.487
        ],
        "sensor_type": "imu_ins",
        "uri": "can:1",
        "yaw_pitch_roll_deg": [
            2.4768,
            0.8201,
            -1.3665
        ]
    },
    "M_FISHEYE_L": {
        "RT_body_from_sensor": [
            [
                0.9997096533940875,
                0.02391371499859929,
                -0.0029568810659992284,
                2.0645
            ],
            [
                0.015213215384763501,
                -0.5312466812209693,
                0.8470805875295231,
                1.0378
            ],
            [
                0.0186860104979496,
                -0.8468796242245243,
                -0.5314562400470982,
                0.887
            ],
            [
                0.0,
                0.0,
                0.0,
                1.0
            ]
        ],
        "RT_sensor_from_body": [
            [
                0.9997096533940882,
                0.015213215384763527,
                0.018686010497949858,
                -2.096263345670084
            ],
            [
                0.023913714998599084,
                -0.5312466812209695,
                -0.8468796242245243,
                1.2531401678436676
            ],
            [
                -0.0029568810659993507,
                0.8470805875295238,
                -0.5314562400470985,
                -0.4015940678556078
            ],
            [
                0.0,
                0.0,
                0.0,
                1.0
            ]
        ],
        "custom_vars": {
            "csi_group_isp_settings_path": "/opt/nvidia/nvmedia/nit/IMX390_RGGB.nito",
            "csi_group_type": "IMX390_RGGB_CPHY_x4",
            "csi_link_id": 4,
            "misalign_ref_angle_error": 0.9,
            "obstruction_mask_file": "obstruction_masks/M_FISHEYE_L_mask.png"
        },
        "device_id": "TE05097",
        "distortion_coeffs": [
            0.008,
            -0.07,
            -0.001,
            -0.0,
            0.0
        ],
        "extrinsic_error": -1.0,
        "focal_length_px": [
            569.0,
            496.658
        ],
        "image_resolution_px": [
            1280,
            704
        ],
        "label": "M_FISHEYE_L",
        "model": "mei",
        "pos_meter": [
            2.0645,
            1.0378,
            0.887
        ],
        "principal_point_px": [
            640.66,
            345.497
        ],
        "reprojection_error": 0.495,
        "sensor_type": "camera",
        "uri": "basler:TE04919",
        "xi": 0.995,
        "yaw_pitch_roll_deg": [
            -90.2,
            -32.1039,
            1.264
        ]
    },
    "M_FISHEYE_R": {
        "RT_body_from_sensor": [
            [
                -0.9993601293904032,
                -0.007559069163667442,
                0.034959866392419325,
                2.0645
            ],
            [
                -0.03358975472240866,
                0.5342042012141905,
                -0.8446878712180005,
                -1.0356
            ],
            [
                -0.012290653460469425,
                -0.8453216736121745,
                -0.5341162869254477,
                0.8759
            ],
            [
                0.0,
                0.0,
                0.0,
                1.0
            ]
        ],
        "RT_sensor_from_body": [
            [
                -0.999360129390403,
                -0.033589754722408605,
                -0.012290653460469305,
                2.039158820501985
            ],
            [
                -0.007559069163667358,
                0.5342042012141903,
                -0.8453216736121744,
                1.3092448229827103
            ],
            [
                0.034959866392419416,
                -0.8446878712180002,
                -0.5341162869254475,
                -0.4791009478825114
            ],
            [
                0.0,
                0.0,
                0.0,
                1.0
            ]
        ],
        "custom_vars": {
            "csi_group_isp_settings_path": "/opt/nvidia/nvmedia/nit/IMX390_RGGB.nito",
            "csi_group_type": "IMX390_RGGB_CPHY_x4",
            "csi_link_id": 5,
            "misalign_ref_angle_error": 0.9,
            "obstruction_mask_file": "obstruction_masks/M_FISHEYE_R_mask.png"
        },
        "device_id": "TE05096",
        "distortion_coeffs": [
            0.018,
            -0.078,
            -0.002,
            0.0,
            0.0
        ],
        "extrinsic_error": -1.0,
        "focal_length_px": [
            572.272,
            498.921
        ],
        "image_resolution_px": [
            1280,
            704
        ],
        "label": "M_FISHEYE_R",
        "model": "mei",
        "pos_meter": [
            2.0645,
            -1.0356,
            0.8759
        ],
        "principal_point_px": [
            636.0,
            346.848
        ],
        "reprojection_error": 0.534,
        "sensor_type": "camera",
        "uri": "basler:TE04920",
        "xi": 1.008,
        "yaw_pitch_roll_deg": [
            87.63,
            -32.284,
            -0.833
        ]
    },
    "M_LIDAR_M": {
        "RT_body_from_sensor": [
            [
                -0.014198509436995745,
                -0.9998768258540855,
                0.006688456453433659,
                0.983
            ],
            [
                0.9998783438997563,
                -0.014241095323864009,
                -0.006363065633834139,
                0.003
            ],
            [
                0.006457532814582145,
                0.006597296714454658,
                0.9999573870650739,
                1.696
            ],
            [
                0.0,
                0.0,
                0.0,
                1.0
            ]
        ],
        "RT_sensor_from_body": [
            [
                -0.014198509436995698,
                0.9998783438997529,
                0.0064575328145821355,
                5.524091336210298e-06
            ],
            [
                -0.9998768258540823,
                -0.014241095323863964,
                0.006597296714454647,
                0.9717326278728194
            ],
            [
                0.00668845645343365,
                -0.006363065633834129,
                0.999957387065074,
                -1.7024833919591893
            ],
            [
                0.0,
                0.0,
                0.0,
                1.0
            ]
        ],
        "custom_vars": {
            "field_of_view_deg": [
                360,
                30
            ],
            "host_ip": "192.168.0.10",
