{
    "RT_B_FISHEYE_C_from_body": [
        [
            -0.0033358667214423102,
            0.999990322676032,
            0.002868195861370003,
            -0.05911894597977528
        ],
        [
            0.48901415160522055,
            0.004133155931120141,
            -0.8722660583513927,
            1.2536467029955125
        ],
        [
            -0.8722694718508955,
            -0.0015071749505126092,
            -0.48902320691417644,
            -0.48889915554715374
        ],
        [
            0.0,
            0.0,
            0.0,
            1.0
        ]
    ],
    "RT_B_LRR_C_from_body": [
        [
            -0.9994258600450009,
            0.0069774221123431596,
            -0.03315517838852623,
            -1.1070740638872785
        ],
        [
            -0.007005561842972725,
            -0.9999751923667485,
            0.0007326352074615362,
            -0.002378697643312561
        ],
        [
            -0.03314924398192358,
            0.0009644852249321074,
            0.9994499474169167,
            -0.5745195113010748
        ],
        [
            0.0,
            0.0,
            0.0,
            1.0
        ]
    ],
    "RT_B_MIDRANGECAM_C_from_body": [
        [
            -0.007983318547724097,
            0.9999628269889891,
            -0.0032574936922060193,
            0.024004394284622487
        ],
        [
            0.06196128354828652,
            -0.0027566680013831084,
            -0.9980747467612731,
            1.2793517261464766
        ],
        [
            -0.9980466251463478,
            -0.008169787128153833,
            -0.06193697290202555,
            -0.06404646642134042
        ],
        [
            0.0,
            0.0,
            0.0,
            1.0
        ]
    ],
    "RT_B_SRR_L_from_body": [
        [
            -0.560519935620237,
            0.8267961110345855,
            0.04717618626352201,
            -1.2157012312933737
        ],
        [
            -0.8275121587862129,
            -0.5614042697459393,
            0.006990920684016502,
            -0.29597230955211157
        ],
        [
            0.03226497843276707,
            -0.035120317326496474,
            0.9988621198531953,
            -0.4663093374683415
        ],
        [
            0.0,
            0.0,
            0.0,
            1.0
        ]
    ],
    "RT_B_SRR_R_from_body": [
        [
            -0.6050998019804975,
            -0.7931290108664686,
            0.06928637503248317,
            -1.2336302900511888
        ],
        [
            0.7927293143952509,
            -0.6082725237284136,
            -0.03980918205017837,
            0.2529696048285304
        ],
        [
            0.07371881538386292,
            0.03083681240086411,
            0.9968022006693975,
            -0.42330937445457034
        ],
        [
            0.0,
            0.0,
            0.0,
            1.0
        ]
    ],
    "RT_F_CTCAM_L_from_body": [
        [
            0.7079217650086788,
            -0.7062316901414252,
            -0.009141907185192345,
            -0.7664833678506616
        ],
        [
            -0.0063709432500923075,
            0.006557898410462079,
            -0.9999582016517202,
            1.37043186021359
        ],
        [
            0.7062621225218727,
            0.7079504176200647,
            0.0001431169981741301,
            -1.6248341248631584
        ],
        [
            0.0,
            0.0,
            0.0,
            1.0
        ]
    ],
    "RT_F_CTCAM_R_from_body": [
        [
            -0.7015973508167982,
            -0.7125403550623853,
            0.006884746503687523,
            0.7491860449719945
        ],
        [
            -0.013612688349497084,
            0.003742336410466798,
            -0.9999003398509726,
            1.3862858434302345
        ],
        [
            0.712443578146894,
            -0.7016211494287786,
            -0.012325203101352999,
            -1.613744601950427
        ],
        [
            0.0,
            0.0,
            0.0,
            1.0
        ]
    ],
    "RT_F_FISHEYE_C_from_body": [
        [
            0.019115167731019126,
            -0.9994960519951187,
            -0.025342699319254324,
            -0.06613827301828108
        ],
        [
            -0.4357181539369556,
            0.014486057048957083,
            -0.8999665796466809,
            2.0457100620113815
        ],
        [
            0.8998801590725214,
            0.02824528628542273,
            -0.4352216712323366,
            -3.318756074348874
        ],
        [
            0.0,
            0.0,
            0.0,
            1.0
        ]
    ],
    "RT_F_LONGRANGECAM_C_from_body": [
        [
            0.006389386431676223,
            -0.9998766499337857,
            -0.014347845072212304,
            -0.04051578953532289
        ],
        [
            0.0836977487561743,
            0.014832524092630304,
            -0.9963807922085761,
            1.0270278450793155
        ],
        [
            0.9964707033295935,
            0.005165379582473745,
            0.08378219536150824,
            -2.0800421332824164
        ],
        [
            0.0,
            0.0,
            0.0,
            1.0
        ]
    ],
    "RT_F_LRR_C_ARS_from_body": [
        [
            0.9997200115578608,
            0.02365049012904001,
            -0.0007435101928459953,
            -3.839595584031265
        ],
        [
            -0.023642895261454328,
            0.9996803894632538,
            0.008951671701596877,
            -0.08224874507785751
        ],
        [
            0.0009549839823712075,
            -0.008931586603367325,
            0.9999596565693738,
            -0.33933220451458046
        ],
        [
            0.0,
            0.0,
            0.0,
            1.0
        ]
    ],
    "RT_F_LRR_C_from_body": [
        [
            0.9999628314019254,
            0.003595260115622262,
            0.007836448133296708,
            -3.8487498088555676
        ],
        [
            -0.0035953705130237737,
            0.9999935366345495,
            0.0,
            0.013829233141294644
        ],
        [
            -0.007836397483468587,
            -2.8174934545295166e-05,
            0.9999692945689154,
            -0.2879483133219584
        ],
        [
            0.0,
            0.0,
            0.0,
            1.0
        ]
    ],
    "RT_F_MIDRANGECAM_C_from_body": [
        [
            0.016605564886440338,
            -0.9998320971522163,
            -0.007748078407136688,
            -0.03273590201527071
        ],
        [
            0.016763514263720445,
            0.008026455334323826,
            -0.9998272653835242,
            1.1635396084058114
        ],
        [
            0.9997215811436365,
            0.016472811507663845,
            0.016893983446798932,
            -2.0075203461957987
        ],
        [
            0.0,
            0.0,
            0.0,
            1.0
        ]
    ],
    "RT_F_SRR_L_from_body": [
        [
            0.5164006766273345,
            0.8552707471080238,
            0.04292190955810062,
            -2.5745190674494207
        ],
        [
            -0.8563092661046923,
            0.5161999232144758,
            0.016494849396473856,
            2.5052117047599265
        ],
        [
            -0.008048724251353686,
            -0.045272380262714206,
            0.9989422553998174,
            -0.4621086080925368
        ],
        [
            0.0,
            0.0,
            0.0,
            1.0
        ]
    ],
    "RT_F_SRR_R_from_body": [
        [
            0.5713320487804847,
            -0.8206324366557142,
            -0.011920316472270136,
            -2.7019455153573517
        ],
        [
            0.8196332466652244,
            0.5697691735843963,
            0.059702845777878925,
            -2.3800777914354785
        ],
        [
            -0.04220226294071128,
            -0.043880436887744616,
            0.9981450176508541,
            -0.4122753918874019
        ],
        [
            0.0,
            0.0,
            0.0,
            1.0
        ]
    ],
    "RT_M_FISHEYE_L_from_body": [
        [
            0.9997096533940882,
            0.015213215384763527,
            0.018686010497949858,
            -2.096263345670084
        ],
        [
            0.023913714998599084,
            -0.5312466812209695,
            -0.8468796242245243,
            1.2531401678436676
        ],
        [
            -0.0029568810659993507,
            0.8470805875295238,
            -0.5314562400470985,
            -0.4015940678556078
        ],
        [
            0.0,
            0.0,
            0.0,
            1.0
        ]
    ],
    "RT_M_FISHEYE_R_from_body": [
        [
            -0.999360129390403,
            -0.033589754722408605,
            -0.012290653460469305,
            2.039158820501985
        ],
        [
            -0.007559069163667358,
            0.5342042012141903,
            -0.8453216736121744,
            1.3092448229827103
        ],
        [
            0.034959866392419416,
            -0.8446878712180002,
            -0.5341162869254475,
            -0.4791009478825114
        ],
        [
            0.0,
            0.0,
            0.0,
            1.0
        ]
    ],
    "RT_M_LIDAR_M_from_body": [
        [
            -0.014198509436995698,
            0.9998783438997529,
            0.0064575328145821355,
            5.524091336210298e-06
        ],
        [
            -0.9998768258540823,
            -0.014241095323863964,
            0.006597296714454647,
            0.9717326278728194
        ],
        [
            0.00668845645343365,
            -0.006363065633834129,
            0.999957387065074,
            -1.7024833919591893
        ],
        [
            0.0,
            0.0,
            0.0,
            1.0
        ]
    ],
    "RT_M_NEIGHBORLANECAM_L_from_body": [
        [
            0.4996020216478735,
            0.8659759231764731,
            0.02198909829924266,
            -1.8788064461001286
        ],
        [
            0.0153432731102254,
            0.01653391631625401,
            -0.9997455744245693,
            0.8358652371616692
        ],
        [
            -0.8661191626650594,
            0.4998122948566822,
            -0.005026527078818928,
            1.2800425826499975
        ],
        [
            0.0,
            0.0,
            0.0,
            1.0
        ]
    ],
    "RT_M_NEIGHBORLANECAM_R_from_body": [
        [
            -0.5180665601084894,
            0.8546423348742216,
            -0.03454734053578239,
            1.913317348315368
        ],
        [
            0.006079331534943943,
            -0.03670999642801045,
            -0.9993074691456797,
            0.8238420234221938
        ],
        [
            -0.8553187014355786,
            -0.5179178077677904,
            0.013822567473555328,
            1.2205773941373281
        ],
        [
            0.0,
            0.0,
            0.0,
            1.0
        ]
    ],
    "RT_body_from_B_FISHEYE_C": [
        [
            -0.003335866721442319,
            0.4890141516052213,
            -0.8722694718508983,
            -1.0397
        ],
        [
            0.9999903226760349,
            0.0041331559311201475,
            -0.0015071749505126148,
            0.0532
        ],
        [
            0.002868195861370006,
            -0.8722660583513925,
            -0.4890232069141772,
            0.8546
        ],
        [
            0.0,
            0.0,
            0.0,
            1.0
        ]
    ],
    "RT_body_from_B_LRR_C": [
        [
            -0.9994258600450023,
            -0.0070055618429727354,
            -0.03314924398192361,
            -1.1255
        ],
        [
            0.00697742211234317,
            -0.9999751923667499,
            0.0009644852249321083,
            0.0059
        ],
        [
            -0.03315517838852626,
            0.0007326352074615366,
            0.9994499474169168,
            0.5375
        ],
        [
            0.0,
            0.0,
            0.0,
            1.0
        ]
    ],
    "RT_body_from_B_MIDRANGECAM_C": [
        [
            -0.007983318547724097,
            0.0619612835482865,
            -0.9980466251463478,
            -0.143
        ],
        [
            0.9999628269889891,
            -0.0027566680013831075,
            -0.00816978712815383,
            -0.021
        ],
        [
            -0.0032574936922060193,
            -0.9980747467612728,
            -0.06193697290202555,
            1.273
        ],
        [
            0.0,
            0.0,
            0.0,
            1.0
        ]
    ],
    "RT_body_from_B_SRR_L": [
        [
            -0.560519935620237,
            -0.8275121587862129,
            0.032264978432767086,
            -0.9113
        ],
        [
            0.8267961110345856,
            -0.5614042697459394,
            -0.03512031732649648,
            0.8226
        ],
        [
            0.04717618626352202,
            0.006990920684016503,
            0.9988621198531954,
            0.5252
        ],
        [
            0.0,
            0.0,
            0.0,
            1.0
        ]
    ],
    "RT_body_from_B_SRR_R": [
        [
            -0.6050998019804965,
            0.7927293143952492,
            0.07371881538386287,
            -0.9158
        ],
        [
            -0.7931290108664668,
            -0.6082725237284121,
            0.030836812400864038,
            -0.8115
        ],
        [
            0.06928637503248312,
            -0.03980918205017829,
            0.9968022006693975,
            0.5175
        ],
        [
            0.0,
            0.0,
            0.0,
            1.0
        ]
    ],
    "RT_body_from_F_CTCAM_L": [
        [
            0.7079217650086791,
            -0.0063709432500923075,
            0.7062621225218728,
            1.6989
        ],
        [
            -0.7062316901414252,
            0.006557898410462078,
            0.7079504176200648,
            0.6
        ],
        [
            -0.009141907185192345,
            -0.9999582016517201,
            0.00014311699817412798,
            1.3636
        ],
        [
            0.0,
            0.0,
            0.0,
            1.0
        ]
    ],
    "RT_body_from_F_CTCAM_R": [
        [
            -0.7015973508167986,
            -0.013612688349497089,
            0.7124435781468943,
            1.6942
        ],
        [
            -0.7125403550623854,
            0.0037423364104667944,
            -0.7016211494287788,
            -0.6036
        ],
        [
            0.006884746503687521,
            -0.9999003398509725,
            -0.012325203101353006,
            1.3611
        ],
        [
            0.0,
            0.0,
            0.0,
            1.0
        ]
    ],
    "RT_body_from_F_FISHEYE_C": [
        [
            0.01911516773101913,
            -0.4357181539369557,
            0.8998801590725214,
            3.8791
        ],
        [
            -0.9994960519951186,
            0.014486057048957085,
            0.02824528628542273,
            -0.002
        ],
        [
            -0.02534269931925432,
            -0.899966579646681,
            -0.43522167123233657,
            0.395
        ],
        [
            0.0,
            0.0,
            0.0,
            1.0
        ]
    ],
    "RT_body_from_F_LONGRANGECAM_C": [
        [
            0.0063893864316762255,
            0.08369774875617433,
            0.9964707033295936,
            1.987
        ],
        [
            -0.9998766499337859,
            0.014832524092630308,
            0.005165379582473745,
            -0.045
        ],
        [
            -0.014347845072212305,
            -0.9963807922085762,
            0.08378219536150824,
            1.197
        ],
        [
            0.0,
            0.0,
            0.0,
            1.0
        ]
    ],
    "RT_body_from_F_LRR_C": [
        [
            0.9999628314019252,
            -0.0035953705130237733,
            -0.007836397483468587,
            3.8464
        ],
        [
            0.003595260115622262,
            0.9999935366345495,
            -2.8174934545295173e-05,
            0.0
        ],
        [
            0.007836448133296706,
            -1.6940658945086007e-21,
            0.9999692945689154,
            0.3181
        ],
        [
            0.0,
            0.0,
            0.0,
            1.0
        ]
    ],
    "RT_body_from_F_LRR_C_ARS": [
        [
            0.9997200115578608,
            -0.023642895261454324,
            0.0009549839823712072,
            3.8369
        ],
        [
            0.023650490129040014,
            0.9996803894632538,
            -0.008931586603367325,
            0.17
        ],
        [
            -0.0007435101928459953,
            0.008951671701596877,
            0.9999596565693738,
            0.3372
        ],
        [
            0.0,
            0.0,
            0.0,
            1.0
        ]
    ],
    "RT_body_from_F_MIDRANGECAM_C": [
        [
            0.01660556488644033,
            0.01676351426372044,
            0.9997215811436363,
            1.988
        ],
        [
            -0.9998320971522164,
            0.008026455334323827,
            0.01647281150766385,
            -0.009
        ],
        [
            -0.00774807840713669,
            -0.9998272653835242,
            0.016893983446798932,
            1.197
        ],
        [
            0.0,
            0.0,
            0.0,
            1.0
        ]
    ],
    "RT_body_from_F_SRR_L": [
        [
            0.5164006766273346,
            -0.8563092661046925,
            -0.008048724251353698,
            3.471
        ],
        [
            0.8552707471080241,
            0.516199923214476,
            -0.04527238026271421,
            0.8878
        ],
        [
            0.04292190955810063,
            0.016494849396473867,
            0.9989422553998173,
            0.5308
        ],
        [
            0.0,
            0.0,
            0.0,
            1.0
        ]
    ],
    "RT_body_from_F_SRR_R": [
        [
            0.5713320487804847,
            0.8196332466652246,
            -0.04220226294071128,
            3.4771
        ],
        [
            -0.8206324366557142,
            0.5697691735843964,
            -0.04388043688774461,
            -0.8793
        ],
        [
            -0.01192031647227014,
            0.05970284577787893,
            0.9981450176508541,
            0.5214
        ],
        [
            0.0,
            0.0,
            0.0,
            1.0
        ]
    ],
    "RT_body_from_M_FISHEYE_L": [
        [
            0.9997096533940875,
            0.02391371499859929,
            -0.0029568810659992284,
            2.0645
        ],
        [
            0.015213215384763501,
            -0.5312466812209693,
            0.8470805875295231,
            1.0378
        ],
        [
            0.0186860104979496,
            -0.8468796242245243,
            -0.5314562400470982,
            0.887
        ],
        [
            0.0,
            0.0,
            0.0,
            1.0
        ]
    ],
    "RT_body_from_M_FISHEYE_R": [
        [
            -0.9993601293904032,
            -0.007559069163667442,
            0.034959866392419325,
            2.0645
        ],
        [
            -0.03358975472240866,
            0.5342042012141905,
            -0.8446878712180005,
            -1.0356
        ],
        [
            -0.012290653460469425,
            -0.8453216736121745,
            -0.5341162869254477,
            0.8759
        ],
        [
            0.0,
            0.0,
            0.0,
            1.0
        ]
    ],
    "RT_body_from_M_LIDAR_M": [
        [
            -0.014198509436995745,
            -0.9998768258540855,
            0.006688456453433659,
            0.983
        ],
        [
            0.9998783438997563,
            -0.014241095323864009,
            -0.006363065633834139,
            0.003
        ],
        [
            0.006457532814582145,
            0.006597296714454658,
            0.9999573870650739,
            1.696
        ],
        [
            0.0,
            0.0,
            0.0,
            1.0
        ]
    ],
    "RT_body_from_M_NEIGHBORLANECAM_L": [
        [
            0.4996020216478731,
            0.015343273110225392,
            -0.8661191626650588,
            2.0345
        ],
        [
            0.8659759231764725,
            0.016533916316254005,
            0.49981229485668194,
            0.9734
        ],
        [
            0.02198909829924265,
            -0.9997455744245693,
            -0.005026527078818927,
            0.8834
        ],
        [
            0.0,
            0.0,
            0.0,
            1.0
        ]
    ],
    "RT_body_from_M_NEIGHBORLANECAM_R": [
        [
            -0.5180665601084897,
            0.006079331534943949,
            -0.8553187014355792,
            2.0302
        ],
        [
            0.854642334874222,
            -0.03670999642801045,
            -0.5179178077677906,
            -0.9728
        ],
        [
            -0.03454734053578241,
            -0.9993074691456798,
            0.013822567473555336,
            0.8725
        ],
        [
            0.0,
            0.0,
            0.0,
            1.0
        ]
    ]
}